11111110010110011001110001110111001111111
10000010100100000101001101111101101000001
10111010011010000010100100010011101011101
10111010011100000001111000000001001011101
10111010100101100001111101110111001011101
10000010011110011101000110111011001000001
11111110101010101010101010101010101111111
00000000000000101101010111100101100000000
10101010011100011110010011001100000010010
00010001001011000110000010001000101100111
10000010010101110010110000001000001101001
11000000001011011101011011001101001101011
10110011100001000110010011011100101100000
00000000000110100000010110000000101100101
00001011010001011100111000100010101011001
00000000101101111111010001111110010000001
00101010010100001100000011001100001101001
01000101111101011110001011001100111101001
01011010100001100100110001000100010110111
01001000001100001101011011100110000010010
11011111110110011100000111001100111000001
10110001110111001000001010001000111100101
01010011000001000010110010101010011111011
10110000110100011111011111000100010100010
00111111011110010100010011000100011001011
11111100110001111100010111101110111000001
00100011000100011000111000000000111011011
00101000000100011111011011001100100000010
00000011010111100100011111011101111100011
01001001101000001110000000001000001000001
10111011101100010100110011001100111111111
01010001001011101111011001001101111100010
10101111110111100010010001001100111111000
00000000110100010000010010001001100011011
11111110000111011100101000101011101010011
10000010011011111001011011101110100011000
10111010100111000000011111011100111110000
10111010010001111100011000000000010110111
10111010100011011100101001000101100111111
10000010000000011011010011001101101100010
11111110110011001100011011001101111110011
